model=GPXImport v1.0
x=8453.617238426581
y=8116.158936453634
duration=1136
nn=1
