model=GPXImport v1.0
x=4234.886137954891
y=5515.016745869536
duration=21252
nn=1
