model=GPXImport v1.0
x=4234.886137954891
y=5515.016745869536
duration=2165
nn=1
