model=GPXImport v1.0
x=2982.7206957954913
y=3715.761117159622
duration=1616
nn=1
